14339030
14339031
14339032
14339033
14337772
14337769
14337775
14339025
14339026
14339027
14337765
14339028
14337766
14328260
14336994
14336995
14336997
14336996
1433817
14337758
14337759
14337760
14331394
14331414
14335092
14335259
14329052
14336548
14344198
14341616
14341617
14341618
14341619
14341620
14341622
14337042
14337043
14337044
14337045
14337046
14337047
1434201
1437844
1434209
1434203
14329283
1434204
14336511
14329765
14330143
14330119
14342079
14339693
14339692
14339694
14316343
14316344
14327326
14331058
14340567
14340568
14340569
14340570
14340571
14340572
14340573
14340574
14340575
14340576
14340577
1437645
14336543
14334045
1437646
1437653
14312492
14337000
14337001
14332164
14328974
14328830
14328972
14336756
14336759
14336758
14319079
14343759
14343760
14343761
14343762
14343764
14343765
14343766
14339931
14339935
14343791
14339932
14339933
14339934
14319263
14332980
14336774
1437806
14343795
14343796
14343797
14343798
14343799
14343800
14343801
14326650
14340404
14336761
14336762
14336750
14336763
14343237
14343238
14343239
14343240
14343241
14343242
14343243
14343244
14343245
14343246
14343247
14343248
14339952
14342292
14335789
14333739
14319537
1437723
14336832
14336833
14336834
14336835
14340355
14340356
14340357
14340358
14333338
14338895
14333341
14333337
14333223
14337020
14341496
14341494
14341495
14341497
14341498
14341499
14340359
14340360
14340361
14340362
14340366
14340365
14340363
14340364
14341459
14344259
1437984
14344260
14344261
14344262
14344263
14344264
14344265
14344266
14344267
14344269
14334641
1433926
14317667
1433941
14335054
14334643
14342768
14342769
14342770
14342771
14342772
14342773
14343317
14343318
14343319
14343320
14343321
14343322
14343323
14343324
14343325
14343327
14343326
14343390
14343391
14343392
14343393
14343394
14343395
14342778
14342779
14342780
14342775
14342776
14342800
14342805
14342809
14342813
14342816
14342819
14342782
14342783
14342784
14342785
14343397
14343398
14343399
14343400
14343401
14343402
14342789
14342790
14342791
14342792
14342793
14342794
14337232
14337233
14337237
14337235
14337234
14337236
14337239
14337240
14337241
14337242
14337247
14343692
14337256
14337255
14337258
14337259
14337257
14343693
14337261
14337262
14337263
14337264
14337265
14343624
14342573
14342574
14342057
14342058
14342059
14342060
14342061
14342062
14342101
14342102
14342103
14342105
14342104
14342106
14337267
14337268
14337269
14337270
14337271
14343685
14343686
14343687
14343688
14343689
14343690
14343691
14341204
14341208
14342652
14342651
14341209
14341207
14342645
14342648
14342659
14341205
14342667
14341210
14337286
14337287
14337288
14337289
14337290
14337291
14341827
14341828
14343348
14343349
14343350
14341831
14341832
14341833
14341834
14337292
14337293
14337294
14337295
14337296
14337297
14343645
14343644
14342751
14340691
14340688
14340689
14341635
14343198
14343199
14343200
14341838
14341839
14341841
14341842
14341836
14341837
14341630
14341631
14341632
14341633
14341634
14337321
14337322
14337323
14337324
14337325
14337332
14337327
14337328
14337329
14337330
14337331
14337326
14337336
14337337
14337338
14337339
14337340
14337341
14337313
14337314
14337315
14337316
14337317
14337318
14339717
14339719
14339718
14337319
14339720
14339721
14339732
14339731
14344429
14339722
14327296
14333825
14333824
14329185
14333826
14333823
14326756
14333821
14337320
14326764
14326748
14344069
14344070
14340482
14340485
14340484
14340486
14344072
14344071
14340483
14340487
14341000
14340997
14340998
14340999
14341002
14341001
14339793
14340331
14340332
14340330
14340333
14339794
14340992
14340993
14340996
14340994
14340995
14326804
14326802
14326801
14339789
14339787
14326803
14339785
14339786
14326806
14339788
14326814
14344418
14344419
14343375
14343377
14343380
14343386
14343383
14342668
14343863
14343864
14343865
14343866
14343867
14339914
14339915
14326822
14326823
14341320
14339836
14339839
14343079
14341500
14341121
14341122
14341158
14343808
14343810
14343809
14343811
14343507
14343508
14343509
14343332
14343333
14343346
14343334
14335777
14335778
14335779
14335780
14335781
14335782
14339840
14339841
14339842
14339843
14340682
14341506
14341321
14341322
14341502
14341504
14339850
14341503
14339851
14342926
14339852
14339853
14340348
14341505
14341279
14341006
14341007
14341008
14341255
14341256
14341257
14341258
14341259
14341260
14341261
14341587
14341314
14341315
14341316
14341317
14339854
14339855
14339856
14339857
14339858
14339859
14339860
14339861
14339862
14339863
14339865
14339916
14339866
14342001
14339867
14339868
14339869
14341462
14341463
14340475
14340476
14340477
14340478
14340061
14340062
14340064
14341917
14340066
14340068
14326864
14326865
14326866
14326867
14326869
14326868
14326768
14343050
14343344
14343343
14343345
14326773
14326774
14326775
14343767
14326778
14343803
14343805
14343804
14343807
14343806
14343365
14343366
14343364
14343368
14343367
14344413
14344414
14344415
14344417
14344416
14326783
14343360
14343361
14326786
14343362
14343363
14344420
14344421
14344422
14344423
14344424
14344425
14341540
14341541
14341542
14341543
14341544
14341545
14341546
14341547
14341548
14341549
14341550
14341551
14343338
14343339
14343340
14326906
14326908
14326909
14326907
14344458
14339979
14339977
14339560
14339980
14339978
14340353
14341994
14341995
14341996
14341997
14341998
14341999
14342065
14342067
14339751
14340665
14340666
14340667
14340670
14340669
14340671
14340668
14339750
14340400
14340672
14343347
14328182
14342836
14342837
14340279
14340280
14340282
14340281
14340283
14340284
14326932
14342838
14342839
14342840
14326934
14340052
14328180
14343136
14328222
14328090
14343152
14343141
14328181
14343140
14343138
14343137
14343142
14328091
14328157
14326916
14326919
14326918
14344328
14344329
14344330
14344331
14344332
14344333
14326884
14326885
14326886
14337950
14326887
14329324
14336698
14336700
14336699
14339136
14339135
14343054
14336702
14343442
14343443
14343444
14343463
14336684
14336686
14336685
14336687
14336553
14336554
14336555
14340628
14337756
14342248
14326897
14326898
14326900
14343439
14343440
14343441
14343462
14336161
14336162
14336163
14336165
14343454
14343455
14343456
14343457
14343458
14343510
14343459
14343460
14343511
14343461
14343512
14343445
14343448
14343447
14343446
14343450
14343449
14343451
14343452
14343453
14343433
14343434
14343435
15341648
15343782
15341647
15343784
15343786
15343787
15342902
15342903
15342974
15343004
15343002
15339237
1533898
15317573
15317575
15317576
15317688
1533957
15343009
15339521
15343007
15343008
15320805
15320804
15320798
15320806
15320796
15343010
15339124
15339123
15339125
15340750
15340765
15343011
15341650
15339120
15341649
15343033
15343034
15343036
15339106
15339107
1533597
15340445
15343638
15341626
15341627
15341628
15332590
15332591
15332592
15332593
15320773
15330385
15320772
15342894
15342952
15342858
15342859
15342860
15342861
15342862
15342863
15320750
15320754
15316319
15343224
15343223
15343225
15343226
15343227
15343228
15342845
15342846
15342847
15342848
15342849
15342851
15342852
15342853
15342888
15342889
15342998
15343094
15343095
15343098
15343097
15343099
15343100
15342885
15342898
15342886
15342887
15342882
15342757
15342759
15342883
15342884
15338994
1531956
1531969
1531974
15331057
15330667
15338995
15330366
15330367
15330369
15330374
15334513
15320201
1531977
15310970
1531984
15322976
15329853
1532163
15342679
15342680
15342681
15342682
1539856
15344441
15344442
15344443
15344453
15344444
15321363
1539605
15325029
15341707
15341708
15341709
15341710
15341711
15341712
15341713
15341714
15341715
15341716
15341659
15341660
15341661
15341662
15341663
15341664
15341665
15341666
15341667
15341668
15341669
15341670
15342669
15341671
15341672
15341673
15341674
15341675
15341676
15341677
15341678
15341679
15341680
15341681
15341682
15341683
15341684
15341685
15341686
15341687
15341688
15341689
15341690
15341691
15341692
15341693
15341694
15341695
15341696
15341697
15341698
15341704
15343056
15341699
15341700
15341701
15341702
15341703
15341705
16328106
16328105
16328104
16328102
16331257
16340832
16341055
1632300
16330480
1632337
1632328
1632320
1632327
1632325
16342433
1632324
16342434
16333915
1632319
16320313
1632330
16342436
16342534
16319068
16342435
16342438
16342439
16342444
16342535
16342441
16342443
16342536
16342442
16342537
16342440
16319070
16342538
16342539
1632338
16325254
16325246
16342698
16325252
16340286
16340285
16325245
16340287
16325251
16342697
16342699
16342702
16325253
16340288
16342701
16342700
16342742
16342743
16340289
16340290
16342735
16342736
16342739
16342738
16342110
16342111
16342112
16342113
16342115
16342117
16342118
16342120
16342122
16316918
16317863
16316915
16316917
16316916
16321654
16324356
16341051
16327244
16343372
16343371
16343373
1632418
16332717
16333087
16328400
16343374
16343376
1632421
16343378
16343381
16343387
16343384
16343385
16343382
16343388
1632430
16317066
16318131
16317113
16325856
16344608
16333664
16326089
16326090
16325857
16326087
16340388
16340389
16316028
16316025
16316022
16316023
16320237
16341880
16318463
16341881
16341882
16319459
16318460
16319902
16341883
16318466
16341884
16341885
16323339
16341324
16323336
16319048
16329045
16316046
16316039
16316032
16316038
16321076
16317657
16317658
16317659
16317660
16317668
16318611
16316183
16342094
16318612
16316185
16340254
16340255
16320223
16321828
16321827
16321829
16321835
16321924
16317902
16317903
16317901
16331586
16331588
16331587
16339725
16339726
16339727
16339728
16339729
16321311
16321308
16321310
16318599
16321749
16318601
16318602
16318600
16340045
16340046
16340047
16340048
16342901
16340049
16321837
16321877
16339940
16339941
16341485
16321854
16321839
16321838
16341484
16342806
16339936
16342801
16342802
16342803
16342807
16342804
16342808
16342811
16342812
16342820
16342821
16342818
16342817
16342815
16342814
16342822
16342830
16342829
16342827
16342831
16342832
16342825
16342826
16342834
16342824
16342833
16317117
16340532
16340533
16341575
16341576
16328135
16341569
16341570
16342166
16341571
16342167
16342168
16342169
16342170
16317797
16343855
16343856
16327149
16317798
16317796
16343857
16343858
16343862
16343854
16327151
16343964
16329279
16343859
16343860
1636469
16340588
16340587
16317151
16327253
16340600
1636470
16328177
16340371
16344139
16344193
16328643
16328672
16342406
16342404
16342455
16328646
16328645
16337522
16337335
16340985
1733934
17336736
17340403
1733932
17336728
17336760
17333129
17336752
17336748
17311109
17324110
17324114
17316295
17316299
17336853
17333089
17316298
17333090
17336291
17336293
17336302
17336854
17326368
17337100
17337099
17326945
17343249
17335063
17337103
17316292
17316293
17335493
17337101
17312479
17337098
17329593
17328424
17316305
17337097
17328423
1733778
17328421
17332977
17334644
17337111
17316303
1733948
17333109
17333110
17336249
17336247
17337917
17338965
17336248
17337110
17335490
17332618
17342918
17342919
17342922
17342920
17342921
1733723
17341202
17312033
17316016
17329975
17343637
17311018
17341323
17316020
17317993
17341118
17330771
17335097
17341746
17316014
17317989
17330769
17330677
17337003
17330675
17330770
17335096
17330678
17318049
17331464
17331462
17316012
17330820
17330821
17330822
17330823
17330817
17318048
17341717
17328113
17319292
17319876
17319293
17318042
17342923
17337004
17337005
17335031
17332981
17331667
17340699
17340700
17318043
17340680
17318046
17340684
17340685
17340675
17335128
17335129
17343182
17336999
17332793
17332792
17333247
17336545
17336547
17332794
17334395
17315962
17315964
17315969
17315968
17315967
17322330
1738055
1733999
1734004
1738058
1738098
1738061
17315970
17335614
17342683
17315977
17342684
17342685
17342686
1734509
1734514
1734512
1739048
1739036
1739045
17340096
17340097
1734010
17334009
17334005
1738129
17334006
17334008
17311502
17341467
17341468
17341469
17341471
17341472
17341473
17310934
17310935
17334043
17334795
17334041
1738160
17334797
17334042
17334805
17334806
17337132
17325212
1734495
17335818
1734504
17336980
17334788
17333968
17327849
17334430
17343631
17334432
17327975
17327865
17340557
17340558
17340559
17340560
17340561
17340562
17340563
17327858
17327864
17327861
17327863
17336160
17327862
17334409
17334750
17336175
17327860
17336176
17327859
17336158
17342991
17342992
17342993
17342994
17342995
17342996
17335154
17335156
17335158
17335157
17335163
17339701
17335169
17341033
17335162
17327802
17334618
17327803
17334621
17327805
17327804
17337700
17333287
17333098
17327845
17327846
17333152
17333149
17340191
17334775
17333150
17327847
17327842
17327843
17333219
17333151
17335261
17335263
17335262
17335264
17335266
17335265
17335267
17335268
17335269
17319274
17337542
17319275
17323727
17338328
17337137
17337135
17319276
17319277
17338327
17337208
17327020
17327021
17329210
17329397
17329398
17327028
17327029
17327030
17327031
17327024
17327022
17327023
17343639
17343641
17343643
17329187
17327025
17343640
17343642
17327027
17328691
17328694
17328705
17328692
17328693
17328695
17329942
17316278
17330876
17328059
17329943
17329945
17329946
17329281
17328709
17327437
17327432
17330948
17326227
17330138
17329516
17331969
17331971
17331970
17331972
17331973
17331975
1833316
18324589
18333706
18344075
18332255
18332254
1833318
18332256
18332257
18332259
18312055
18332258
1833385
1833386
18337123
18326166
18337126
18337125
18337124
18337127
1833389
18335247
18335248
18335246
18335249
18335250
18336848
18338949
1833311
18337142
18337143
18337144
18337023
18324175
1839656
18317307
18339047
18344013
18341757
18312114
18312115
18325230
18323042
18323041
1833339
1833354
1833357
1833359
1833363
1833365
18339024
18341756
18343636
18337901
18337902
18331804
18338985
18332578
18337903
1832213
18322155
18331805
18331806
18325670
18317106
18334533
18334535
18334534
18334537
18334536
1836537
18318051
18318053
18319622
18319623
18327522
18332939
18332827
18336847
18335252
18335253
18335254
18335255
18335256
18335257
18337299
18337298
18337302
18337301
18337300
18337873
18343901
18343900
1833175
1833186
1833204
1833218
1833222
1833227
18313847
18335788
18311107
18313843
18317949
18329957
18322864
18332236
18322872
18322878
18322866
18322871
18333843
18322874
18322876
18329229
18322877
1833257
1833273
18337021
18337022
18320005
18313894
18311861
18328391
18328392
18319619
1833746
1833752
18319695
1833748
18319696
18312597
18311118
18313022
18313021
18313023
18320618
18336475
18339826
18339827
18339828
18339829
18339830
18317933
18317930
18317931
18317932
18320251
18320877
18323083
18317934
18317937
18317936
18326218
18340634
18313515
18313576
18342203
18332908
18332911
18332905
18332909
1833763
18313601
18313575
18311515
18338199
18332912
18332913
18332914
18332898
18332915
18341115
18313652
18313657
18313654
18313653
18313656
18313655
18333405
18333406
18342179
18333407
18333408
18333409
18333410
18343878
18313660
18333412
18333411
18313661
18333402
18333403
18333401
18333404
18332896
18332897
18332902
18322581
18332899
18338647
18313103
18313488
18313487
18322881
18342072
18342073
18342074
18323718
18323719
18329017
18323720
18333518
18343144
18313148
18313150
18342027
18340539
18344410
18332239
18332238
18313152
18333007
18311573
18320680
18333809
18333810
18335237
18337948
18341578
18341579
18319620
18313159
18313161
18329034
18333811
18337749
18320657
18313172
18329021
18313171
18333808
18313170
18333806
18343209
18314485
18314486
18342003
18313145
18343206
18343208
18342068
18342069
18342070
1833839
1833854
1833857
18320307
18321996
18340441
18320306
1833859
1833360
1833370
18319593
1833350
1833345
18313349
18313350
1833375
18320412
18324210
18313351
18319588
18318714
18313356
18319589
18319590
18313359
18313358
18313360
18313357
1833459
1833464
1833867
1833870
18333901
1833873
18337757
18326231
18326232
18326233
18326234
18313370
18337718
1833503
18313368
18313371
18313373
18317735
1833531
18313372
18313282
1833480
1833482
18313279
19338831
19338832
19338833
19338834
19338835
19338836
19338837
19338838
19338839
19339683
19342696
19333157
19333729
19333730
19338841
19340844
19340845
19340846
19340847
19339963
19339964
19344309
1938390
19326703
19338280
1938393
19337115
19326702
19338281
19338282
1934799
1934800
1934805
19323931
19323932
19323933
19323934
19323935
19323925
19339971
19339972
19344191
19339965
19339966
19339967
19339970
19338822
19339968
19339969
19323247
1938461
1938453
1938467
19326140
1938476
19333174
19333175
19333176
19333792
19334411
19334412
19333166
19333167
19333168
19333169
19339973
19339974
19339975
19339976
19338135
19337145
19342289
19334747
19337146
19344499
19338200
19344497
19344498
19338204
19338205
19338206
19338207
19338208
19338209
19338210
19338213
19340256
19336254
19337155
19337156
19337158
19332420
19337157
19338254
19337160
19337161
19337162
19338972
19337164
19337165
19337166
19337168
19337177
19337170
19337172
19337173
19337174
19337175
19337178
19332439
19332441
19338267
19336255
19332442
19338880
19337180
19332446
19332445
19337181
19332451
19332456
19332495
19338887
19332452
19332448
19332449
19332450
19332453
19332454
19332493